2,1,264,256,0,0,2230
2,0,263,0,0,2005,2422
1,1,263,250,92,2008,26395
1,1,240,275,89,2007,16425
1,1,277,0,88,2007,2602
1,2,247,254,92,2009,1942
2,0,252,256,0,2004,9492
2,1,240,254,0,2005,50081
1,1,236,260,0,2007,21178
1,2,0,0,87,2009,0
1,1,279,252,97,2008,17907
2,2,273,0,0,2004,50436
1,0,0,0,92,0,19295
1,1,240,241,91,2009,16503
1,2,285,259,91,2008,50623
1,2,0,0,92,2008,50002
1,1,283,240,92,2008,6097
1,2,272,0,96,2006,26488
1,2,249,0,92,2006,2476
1,2,0,0,92,2008,6448
1,2,279,263,92,2007,0
1,2,279,273,97,2007,50159
1,1,240,0,87,2009,50361
1,1,282,283,87,2009,3583
2,1,240,248,0,2005,50141
1,1,259,271,95,2006,16367
1,2,263,282,92,2008,15903
1,1,240,236,96,2006,50147
1,0,0,0,0,0,0
1,2,288,0,0,2007,50203
1,0,0,0,0,0,0
1,2,249,0,90,2006,16045
1,2,0,0,0,2006,0
1,2,241,248,92,2007,50365
1,1,240,235,87,2008,9262
1,1,279,283,92,2005,52958
2,2,260,255,0,2005,20927
2,1,241,239,0,2005,10535
1,2,275,0,92,2008,0
1,2,249,0,0,2006,1912
1,2,282,273,92,2008,9283
1,1,0,0,96,2006,0
1,2,246,283,98,2007,50863
1,1,281,0,0,2007,50398
1,2,249,0,0,2005,53433
1,1,287,281,91,2008,17592
1,1,282,273,87,2009,16416
1,2,277,284,87,2007,18696
2,2,236,0,92,2005,3591
1,1,279,250,96,2006,17475
1,1,287,235,96,2006,21613
3,2,278,238,0,0,52104
2,1,249,270,92,2004,11114
1,1,275,253,87,2009,11099
1,1,252,0,96,2005,50827
1,1,240,0,0,2006,20681
1,2,238,0,92,2009,18998
1,1,240,0,92,2006,50308
2,2,273,287,96,2004,21408
2,2,240,249,0,2004,0
1,1,285,270,0,2006,51444
1,1,283,275,0,2005,50086
1,2,241,282,90,2008,16256
2,2,249,287,95,2005,52513
4,2,0,0,0,0,21095
1,1,0,0,0,2008,16482
2,1,287,0,0,2005,17268
1,2,0,0,92,2009,50889
1,2,244,0,96,2006,6668
1,1,237,283,91,2009,50346
1,2,273,249,89,2006,50830
1,2,0,0,92,2008,54563
2,2,274,289,0,2004,16435
2,1,287,0,0,2004,50350
1,2,246,0,92,2009,53297
2,1,279,247,0,2005,51002
1,2,249,283,88,2006,16805
1,1,264,240,96,2005,0
1,2,252,277,92,2007,21629
1,2,0,0,92,2008,1426
2,1,283,0,0,2003,9073
1,2,0,0,92,2009,17908
2,1,252,0,0,2005,9423
1,2,252,273,89,2006,3739
2,2,0,0,0,2000,0
1,1,278,273,92,2007,4334
1,1,252,255,92,2009,50158
1,2,241,282,92,2007,1606
1,1,263,0,92,2006,17454
1,2,273,247,92,2009,18158
2,2,273,249,0,2005,8366
1,2,273,278,92,2006,50865
1,2,249,0,90,2005,16763
1,1,283,275,92,2006,9073
1,1,263,264,92,2007,5242
1,2,236,0,89,2007,21566
1,2,0,0,87,2009,4514
1,1,241,239,0,2006,21829
1,2,283,275,87,2008,21408
1,1,240,244,95,2006,21613
1,1,279,277,92,2006,16229
2,1,0,0,0,2005,50086
1,0,0,0,0,0,50152
2,2,245,273,0,2005,21785
1,2,252,0,0,2006,3739
1,0,0,0,0,0,0
1,2,0,0,87,2009,5928
1,1,252,0,91,2009,23016
1,2,284,287,92,2007,51781
2,2,277,0,0,2003,3858
1,2,249,280,92,2009,16512
1,2,278,279,97,2007,50909
1,1,282,240,0,2008,50056
1,1,263,0,96,2006,50509
1,1,238,255,92,2009,18998
1,2,252,245,89,2006,3681
1,2,252,263,91,2009,21242
1,1,240,283,91,2009,56033
1,1,240,275,96,2007,50073
1,2,240,282,91,2007,16184
1,2,249,248,0,2006,17636
1,2,282,288,92,2007,6475
1,2,0,0,87,2008,17658
1,2,263,0,93,2008,50985
1,1,0,0,87,2009,21841
2,1,252,0,0,2004,21094
1,2,279,0,92,2005,2152
1,1,236,240,100,2008,50308
2,2,279,249,95,2004,9223
1,0,0,0,0,0,0
2,2,278,245,0,2001,0
1,1,0,0,87,2009,0
1,2,255,249,92,2009,50899
1,1,282,235,0,2008,21471
1,2,281,0,91,2009,0
1,2,243,0,87,2009,19295
2,2,279,287,0,0,25049
1,1,240,283,87,2009,17211
1,1,241,252,92,2008,50172
1,2,285,279,92,2008,50021
1,1,0,0,91,2009,16906
1,1,283,275,95,2006,16496
1,1,278,288,91,2009,25658
1,2,260,0,91,2007,24989
1,2,249,273,91,2009,0
1,2,260,245,87,2006,3666
1,2,284,276,92,2008,16259
1,2,241,249,92,2008,50317
1,0,240,284,89,2006,52336
1,1,249,287,93,2007,16327
1,2,252,256,0,2007,53433
1,1,236,0,92,2006,25012
1,2,279,277,93,2006,50034
1,2,236,279,92,2007,21220
2,1,241,239,96,2005,21686
2,1,287,0,0,2003,26392
1,2,239,288,92,2006,50090
1,0,0,0,0,0,50732
2,2,249,0,0,2004,1277
1,2,287,0,92,2007,17641
1,1,278,273,92,2007,0
1,1,0,0,87,2008,3656
2,2,249,263,0,2004,0
1,2,279,289,0,2006,9107
1,1,282,252,87,2009,50292
2,2,260,0,0,2003,18559
1,1,282,0,92,2008,9779
2,2,263,0,96,2005,25831
1,2,0,0,0,2007,0
1,1,264,256,0,2006,51141
1,2,263,0,92,2006,17764
1,1,282,0,87,2008,9147
1,2,282,0,92,2008,17388
1,1,279,288,89,2007,16210
1,0,255,0,0,2007,9343
1,1,274,283,91,2009,52420
1,2,240,0,92,2009,50089
1,2,263,286,87,2007,3827
1,1,240,283,96,2006,3655
2,2,240,0,86,2005,0
1,1,0,0,100,2008,50302
1,1,240,275,93,2006,17083
1,1,284,276,92,2005,4694
1,2,277,252,92,2009,3571
1,2,0,0,0,2008,16156
1,1,283,0,92,2008,3754
1,1,279,271,93,2008,23341
1,1,283,250,95,2006,16045
1,2,240,241,96,2006,18041
2,1,287,288,0,2005,50029
1,1,282,273,92,2008,21620
1,1,240,282,91,2009,53977
1,2,249,0,91,2009,21805
2,2,283,275,93,2005,9528
1,1,241,239,0,2006,16444
2,1,0,0,0,2003,9757
1,1,249,287,97,2007,16261
2,1,287,0,0,2005,50359
1,2,252,264,95,2006,9414
2,1,271,0,87,2002,50909
1,1,248,0,92,2006,17081
1,2,0,0,91,2009,16105
1,2,249,271,91,2008,9343
1,2,273,0,92,2007,16356
1,0,0,0,88,2007,0
1,1,283,275,0,2006,21473
1,1,275,282,93,2006,16130
1,0,0,0,0,0,0
1,1,263,0,87,2008,9802
2,0,241,282,0,2005,21457
1,1,244,246,91,2008,50243
1,2,0,0,92,2008,50424
1,2,240,0,92,2006,9831
1,1,276,283,92,2007,9755
1,2,249,247,100,2007,50460
1,2,249,273,92,2007,0
1,1,0,0,92,2009,1736
1,2,252,289,92,2007,21980
1,2,0,0,0,0,50608
1,1,278,0,92,2008,50813
1,1,240,288,87,2009,21977
1,2,283,0,88,0,16210
1,2,249,287,0,2007,780
5,2,240,275,0,2004,50666
1,1,240,275,95,2006,50090
1,2,241,0,0,2006,6400
1,1,273,0,0,2006,16318
1,1,283,250,89,2007,50709
1,2,0,0,92,2008,50608
1,1,275,240,92,2009,18998
1,2,0,0,91,2008,50575
1,2,241,0,91,2008,9283
2,1,287,0,0,2004,9223
1,1,279,276,92,2009,1996
1,1,252,0,97,2008,4281
1,1,238,0,91,2009,9783
2,1,0,0,0,2004,0
2,1,236,252,0,2005,17537
1,1,236,276,97,0,11285
1,1,0,0,91,2008,21408
1,1,282,240,91,2009,9565
1,1,275,240,93,2008,16159
2,1,263,0,92,2005,17759
2,1,240,288,0,2004,15912
1,1,252,254,0,2006,17707
2,2,240,249,0,2004,50724
1,2,263,0,87,2005,16455
1,1,279,248,0,2006,17700
1,2,0,0,92,2008,50575
1,2,279,249,92,2009,51007
1,2,267,256,90,2006,7831
1,1,240,256,91,2009,16045
1,1,252,0,92,2009,50112
1,1,282,0,91,2009,17454
2,2,0,0,0,0,23618
1,0,0,0,98,2007,17908
1,2,273,250,91,2009,25492
1,1,249,250,92,2007,53663
1,1,0,0,0,2005,16810
2,0,0,0,0,0,0
1,1,279,270,87,2009,17649
1,1,283,0,0,2007,16261
1,1,252,249,92,2007,0
2,1,263,0,0,2004,50026
1,0,256,268,97,2007,53663
1,1,249,250,90,2006,50360
1,2,0,0,92,2006,2041
1,2,247,0,92,2008,50786
2,2,273,0,0,2005,3749
1,2,279,0,0,2006,50002
1,1,0,0,89,2008,50065
2,1,240,0,0,2005,0
1,1,249,236,0,2005,2597
1,2,279,249,0,2007,20731
1,2,241,240,99,2007,53663
1,2,284,249,93,2007,9771
1,1,277,284,87,2009,17598
1,1,252,289,96,2006,9077
1,1,0,0,87,2006,0
1,1,236,0,0,2005,17636
1,1,256,0,96,2006,16141
2,2,255,277,96,2004,26696
1,1,283,282,96,2006,9262
1,1,0,0,91,2009,17479
2,2,279,235,99,2002,16929
1,2,282,0,91,2009,16329
1,1,273,256,96,0,11279
5,0,0,0,0,0,0
1,2,249,282,90,2007,16318
1,1,240,236,96,2006,16043
1,1,241,287,91,2007,16810
1,1,283,277,98,2007,25121
1,2,252,0,92,2007,50146
2,2,263,0,0,2005,17163
1,2,0,0,91,2009,9530
1,2,264,282,92,2007,50143
1,1,240,241,97,2008,8999
1,2,253,277,90,2007,16045
1,2,241,0,98,2007,50642
1,1,0,0,0,2008,51002
2,2,0,0,0,2000,0
1,2,257,0,92,2007,16049
1,1,0,0,92,2009,17700
1,1,240,0,93,2008,1426
3,2,260,249,92,2006,51256
2,2,263,0,87,2005,16176
1,1,0,0,92,2009,766
1,1,0,0,92,2008,0
1,2,274,279,87,2009,17568
2,2,236,287,0,2005,24659
1,1,0,0,87,2009,0
2,0,279,0,96,2004,9802
4,0,0,0,0,0,0
2,2,263,250,96,2005,3737
1,1,0,0,91,2009,53392
1,2,248,282,87,2008,2561
1,0,0,0,0,0,0
1,1,238,278,0,2006,50240
1,1,253,274,87,2009,17964
1,0,0,0,92,2008,15921
1,1,244,256,92,2007,50804
2,1,236,254,0,2004,50188
1,2,0,0,92,2009,50090
1,2,273,287,95,2006,20572
1,1,240,256,0,2007,23146
1,2,274,0,92,2007,17348
1,1,0,0,92,2008,50152
1,1,0,0,87,2009,17568
1,1,252,0,0,2007,51063
1,1,284,288,97,2007,50383
1,1,263,249,92,2007,50175
2,1,252,0,0,2003,17307
2,2,236,0,92,2002,50720
1,1,261,247,90,2007,18086
2,0,249,252,0,2003,3858
1,2,236,0,0,2007,50900
1,2,0,0,100,2008,20684
1,1,281,236,92,2007,10289
1,1,264,288,92,2006,50060
1,1,252,250,92,2008,3754
1,1,0,0,91,2008,50152
1,1,0,0,92,2008,50398
2,2,263,288,0,2004,9580
1,1,252,279,92,2008,4281
1,2,284,0,91,0,50755
2,2,263,0,92,2005,3569
1,1,282,264,92,2008,315
1,1,282,273,92,2008,21841
1,1,240,241,97,2007,21095
1,1,0,0,91,2009,50010
1,1,0,0,89,2008,9078
1,2,278,238,86,2006,50250
1,1,283,0,0,2007,16070
2,1,273,249,95,2005,3749
1,1,0,0,97,2008,50270
2,2,284,0,96,2005,17620
4,1,252,247,93,2005,22827
1,1,287,236,91,2009,3523
1,1,279,259,92,2006,8138
1,1,282,271,0,2006,50193
4,1,0,0,0,0,9211
1,2,0,0,91,2009,3565
2,2,241,0,0,2003,17994
1,0,0,0,0,0,0
1,1,0,0,92,0,50410
1,2,263,282,91,2008,20731
2,1,274,250,0,2005,2422
2,1,263,249,0,2003,51778
1,2,240,236,96,2006,50089
2,1,252,0,92,2005,50360
1,2,252,277,100,2008,20747
2,1,263,256,0,2005,132
1,2,240,283,89,2006,3754
1,1,0,0,91,2008,2569
1,1,0,0,87,2008,9178
1,1,239,238,92,2005,18074
1,1,278,0,91,2006,3769
2,1,277,252,0,2003,50611
1,1,263,249,0,2007,26801
1,1,239,282,0,2007,16486
1,1,243,0,0,2007,9692
1,1,285,0,91,2008,50504
1,1,0,0,0,0,0
1,2,249,0,92,2009,25278
2,1,0,0,0,0,22152
1,1,252,0,89,2007,9588
1,2,249,273,92,2008,18039
1,2,251,241,91,2009,26241
1,1,283,0,93,2006,16383
1,1,241,277,93,2006,52117
1,1,0,0,92,2009,17396
1,2,0,0,91,2008,21326
1,2,263,0,92,2008,9779
2,1,241,0,0,2005,25458
1,1,249,248,0,2005,50301
1,2,0,0,91,2009,50020
1,2,240,274,92,2009,6370
1,2,263,0,92,2007,3524
2,1,277,288,0,2005,51444
2,1,263,0,0,2005,9244
1,1,0,0,92,2008,16045
1,2,249,0,92,2009,17870
1,2,278,0,97,2007,9720
1,1,284,254,93,2008,9021
1,2,273,238,95,2008,21163
1,1,290,283,87,2009,16450
1,2,279,0,95,2006,52899
1,2,241,0,92,2007,50118
1,1,263,0,92,2005,9073
1,2,252,247,0,2006,9414
1,1,249,0,92,2008,21232
1,1,255,244,0,2006,23620
1,1,283,285,91,2009,50333
2,1,288,283,0,2004,0
1,1,287,269,0,2008,50706
1,1,0,0,91,2009,16810
1,1,240,276,0,2007,565
1,2,282,256,92,2008,50608
1,2,263,0,96,2006,17115
2,1,272,0,92,2004,0
1,1,263,0,92,2008,18002
1,2,0,0,91,2009,17253
2,1,236,276,0,2005,8826
1,2,0,0,91,2008,0
1,1,279,288,91,2009,50478
1,2,282,281,87,2009,3389
1,2,283,0,91,2006,51816
1,1,264,284,92,2009,50615
2,1,249,273,0,2005,50359
1,1,282,256,87,2009,25082
1,0,0,0,92,2008,0
1,1,0,259,89,2008,20327
2,1,249,248,0,2005,21499
2,2,241,239,0,2005,16522
1,1,279,281,92,2009,0
1,1,279,0,95,2006,0
1,2,282,0,0,2008,3797
1,1,0,0,92,2008,21462
1,1,279,249,96,2006,21441
1,2,279,277,87,2009,0
1,0,263,0,92,2007,0
2,1,283,288,0,2002,9108
1,1,282,0,92,2008,50126
1,1,279,281,92,2009,50466
1,1,252,0,92,2009,17349
1,1,282,288,0,2007,50099
1,1,244,0,0,0,3755
1,1,263,0,87,2009,8851
1,2,282,0,92,2008,9339
1,1,0,0,92,2009,17083
1,1,0,0,91,2008,50066
1,0,0,0,0,0,18294
1,1,283,282,92,2008,25925
1,1,0,0,92,2008,50786
1,2,239,240,92,2009,16138
1,2,0,0,91,2009,24013
2,2,260,283,0,2004,9244
1,2,236,274,87,2008,0
1,2,279,277,87,2009,50649
1,1,236,0,96,2006,53392
1,1,283,0,0,2006,9382
4,1,0,0,0,0,21023
1,2,0,0,92,2008,21258
2,1,241,0,0,0,0
1,2,252,236,87,2008,3599
1,2,0,0,91,2009,9415
1,2,0,0,87,2009,4251
1,0,0,0,88,2008,21408
1,2,0,0,89,2008,16385
2,1,252,0,92,2001,17850
2,1,240,0,0,2005,50002
1,1,287,279,89,0,17886
1,1,240,0,0,2007,21244
1,2,264,291,92,2006,21531
2,2,278,0,92,2005,21509
1,2,283,277,92,2007,4800
1,1,273,241,96,2006,17050
2,2,249,0,90,0,52806
1,1,252,255,88,2007,17636
1,2,278,245,92,2007,1608
1,1,283,287,0,2007,16109
1,1,241,248,96,2006,16062
1,1,0,0,87,2008,17994
1,1,0,0,0,2009,51145
1,2,0,0,0,2009,21408
1,2,248,279,92,2006,9129
1,0,273,250,87,2008,16043
1,1,252,0,91,2009,50813
1,1,265,0,91,2007,24989
2,1,236,0,0,2005,50131
1,1,0,0,92,2008,15817
1,1,0,0,87,2008,9249
1,0,0,0,0,0,0
1,2,288,0,92,2008,5284
1,2,252,277,96,2005,16210
1,2,278,245,89,2007,16452
1,1,236,283,91,2008,2805
2,1,287,236,0,0,52313
1,1,256,273,0,2007,1272
1,1,252,283,92,2008,0
1,1,249,0,91,2008,0
2,1,236,0,92,2004,9414
1,2,0,0,92,2008,20684
1,0,0,0,0,0,0
1,1,0,0,89,2008,5896
1,1,283,252,92,2008,52234
1,1,240,0,0,2006,20829
1,1,236,276,93,2006,20829
1,1,240,239,96,2005,21083
1,1,252,288,92,2008,18230
2,1,240,0,87,2003,23146
2,2,249,273,95,2005,51535
1,2,0,0,87,2008,17263
1,1,236,288,92,2007,9886
1,1,287,250,87,2006,51084
1,1,236,276,100,2007,3389
1,1,273,245,89,2007,3686
1,2,249,0,92,2007,51965
1,1,236,0,0,2006,21841
1,2,279,281,92,2009,3674
1,1,240,0,92,2009,17352
1,1,252,263,97,2008,21334
1,1,0,0,92,2008,17649
4,2,0,0,0,0,21459
2,2,237,243,0,2005,0
1,2,0,0,92,2009,2079
1,1,0,0,92,2009,21781
1,2,249,0,0,2006,3840
1,1,252,0,93,2006,9244
1,1,276,250,0,2007,50082
2,1,273,0,0,2005,50016
1,1,244,268,95,2006,19156
1,1,249,248,97,2008,0
1,1,287,0,92,2007,9321
1,1,275,282,92,2008,20747
2,2,249,263,100,2004,52091
2,0,263,0,95,2005,51651
1,1,0,0,92,2008,17348
1,2,247,286,92,2009,50020
1,2,279,249,87,2005,3840
1,1,0,0,92,2009,51558
1,1,260,249,93,2007,9084
1,2,283,0,93,2007,16396
2,1,240,241,0,2005,21095
1,1,240,282,87,2009,50813
1,1,0,0,91,2008,17641
1,1,240,282,92,2009,21258
2,1,273,247,0,2005,16308
1,2,279,276,89,2007,50786
1,2,255,277,92,2009,0
2,1,252,0,0,2004,2725
1,2,287,0,89,2008,8226
1,1,249,260,0,2007,21258
1,2,254,247,89,2008,50013
1,1,0,0,91,2009,9077
2,1,249,0,0,2005,22154
1,2,0,0,97,2007,26421
2,1,240,283,0,2005,17836
1,1,239,0,92,2008,16274
1,1,282,0,91,2008,16270
1,2,0,0,87,2009,0
1,1,0,0,92,2008,9005
2,1,236,276,0,2005,0
1,2,0,0,91,2009,16414
1,2,241,249,87,2009,0
1,1,287,0,87,2008,50084
1,2,0,0,92,2008,9023
1,2,240,275,93,0,16265
1,1,282,240,92,2008,21155
2,2,279,276,96,2004,19724
2,2,240,245,96,2005,16435
1,1,249,0,96,2006,17396
1,2,273,249,96,2005,22246
2,1,271,0,0,2000,0
1,2,277,249,92,2008,23322
2,1,252,288,0,2003,50712
1,2,277,282,91,2008,50924
1,2,241,239,87,2009,1607
5,1,275,240,0,2004,21035
1,1,279,276,91,2007,52591
1,2,0,0,92,2007,50135
1,2,279,283,92,2007,50132
1,2,274,289,96,2006,17060
2,2,0,0,0,2003,18003
1,2,0,0,91,2008,7950
1,1,252,283,89,2007,0
1,2,0,0,87,2008,51597
1,1,252,273,89,2007,50419
2,1,260,248,0,2005,3791
1,1,0,0,92,2009,9765
1,1,249,279,98,2007,9146
2,0,236,0,0,2003,0
1,1,279,288,0,2007,3570
1,2,287,254,0,2006,2272
1,1,248,249,92,2008,51165
1,2,252,0,92,2008,2767
1,1,245,289,92,2009,539
1,2,0,0,92,2009,16261
2,2,279,276,0,2004,3523
1,2,240,253,92,2008,21462
1,1,240,273,93,2008,16812
1,1,235,276,92,2008,50132
1,1,241,0,92,2005,21620
1,2,287,0,97,2007,3773
1,1,0,0,87,2009,0
1,2,0,0,91,2009,50504
1,2,263,0,0,0,6674
1,2,255,288,92,2008,0
1,1,0,0,91,2008,20340
1,2,260,0,89,2008,21024
1,2,278,0,92,2009,6399
1,2,263,0,92,2008,50466
1,1,260,262,89,2007,50020
1,0,240,0,91,2008,9078
1,1,0,0,92,2009,16439
1,2,279,276,92,2008,7476
1,2,281,0,92,2009,21326
1,2,276,279,92,2008,50146
1,1,287,288,96,2006,17238
1,2,240,0,91,2009,3811
1,1,263,0,95,2006,8999
1,2,278,0,96,2005,0
1,0,0,0,0,0,16503
1,2,241,0,92,2006,21336
1,2,263,0,90,2006,16010
1,1,282,0,91,2009,17907
1,1,0,0,92,2008,9073
1,2,0,0,92,2009,25121
1,2,0,0,91,2008,0
1,2,273,0,91,2009,16068
1,1,240,0,95,2007,4700
3,2,278,0,0,0,13919
1,1,0,0,87,2009,10937
1,2,282,273,91,2009,50065
2,1,272,0,92,2005,51596
1,1,241,282,0,2008,16241
1,2,263,279,92,2009,9384
1,1,287,273,96,2006,50340
1,2,0,0,92,2007,1936
1,1,279,276,92,2006,50920
4,0,0,0,0,0,0
1,1,236,254,91,2009,9262
2,1,283,257,0,2005,16382
1,1,0,0,92,2006,16510
1,1,265,240,0,2006,2862
1,2,249,291,92,2009,50317
1,1,283,288,87,2006,50089
1,2,263,288,92,2007,0
1,2,275,282,89,2006,50308
2,2,282,240,0,2005,3289
1,1,0,0,91,2008,50065
1,1,279,287,91,2008,17613
1,1,0,0,87,2009,1963
1,1,284,264,0,2007,16171
1,2,252,0,92,2008,3842
1,2,278,250,87,2009,0
2,1,263,236,96,2005,50065
1,1,279,0,92,2006,19860
2,1,283,0,0,2005,17636
2,2,279,277,0,2005,50410
2,1,240,0,0,2004,16413
1,2,279,249,0,2006,0
1,2,263,0,91,2008,9021
1,1,0,0,92,2008,20846
2,1,288,279,0,2004,52016
1,1,240,0,92,2007,9165
1,1,0,0,89,2007,21252
1,2,282,283,91,2009,16261
2,2,283,0,0,2005,21371
1,2,236,0,92,2006,10147
1,2,246,278,95,2006,2322
1,1,288,0,96,2006,50712
1,1,0,0,0,2009,21781
2,2,279,249,96,2005,15997
1,2,252,279,92,2009,16530
1,2,238,278,89,2007,530
2,2,252,0,92,2004,50004
1,1,279,256,95,2006,9253
1,1,283,0,0,2007,16261
1,1,0,0,0,2007,0
1,1,279,273,96,2006,17636
1,1,0,0,91,2009,4680
1,1,252,250,95,2006,0
1,1,288,277,91,2009,20941
1,2,0,0,87,2009,20747
1,2,249,288,90,2006,9060
1,1,240,274,97,2008,9533
1,1,249,282,96,2006,9753
1,1,260,0,0,2006,0
1,1,278,251,92,2007,50340
2,2,260,0,0,2003,16405
2,1,263,287,0,2003,50010
1,1,240,283,87,2009,25191
1,1,240,250,0,2007,20602
1,2,0,0,87,2009,17598
1,0,0,0,0,0,0
1,1,240,287,92,2007,16045
1,2,249,0,92,2006,23618
1,2,282,0,92,2008,21781
1,2,283,250,92,2006,1936
1,2,255,264,0,2007,9318
1,2,263,249,91,2007,17880
1,1,255,250,96,2006,16169
1,2,243,279,91,2008,50037
1,1,0,0,91,2007,25049
1,1,0,0,91,2009,9230
1,2,273,282,92,2007,9318
2,2,249,0,0,2004,21621
1,2,279,0,0,2006,22237
1,1,0,0,92,2008,3768
1,2,283,0,92,2009,9757
2,0,279,260,0,0,17307
1,0,0,0,0,0,0
1,0,0,0,100,2008,15938
1,2,281,279,91,2009,50643
2,1,0,0,0,0,0
1,1,241,0,92,2009,17456
1,2,279,263,92,2007,16526
1,1,0,0,91,2009,50257
2,1,240,0,0,2004,50115
1,1,0,0,91,2009,50365
1,2,278,273,99,2008,54443
1,2,263,283,92,2006,17949
1,2,238,278,86,2006,50046
2,2,252,246,0,2005,25111
2,2,267,279,96,2004,2605
1,1,0,0,91,2008,16233
1,1,0,0,87,2009,9382
1,1,236,282,0,2009,4696
1,2,252,0,91,2009,21508
1,2,0,0,87,2009,16385
1,1,241,0,98,2007,9078
1,1,288,279,0,2007,9108
2,1,252,0,87,2004,11285
1,1,283,0,97,2008,6395
1,1,0,0,87,2009,17456
1,2,252,0,0,2006,16267
1,1,275,283,92,2008,17160
1,1,0,0,91,2009,20846
1,1,283,247,95,2006,5221
1,2,287,0,97,2007,25178
1,0,0,0,0,0,0
1,2,0,0,92,2009,50813
1,2,275,282,91,2009,50152
1,2,252,0,90,2006,50241
1,2,241,288,92,2007,5896
1,1,283,240,92,2005,0
1,1,236,263,91,2008,6139
1,1,244,288,97,2007,16521
1,0,0,0,0,0,1808
2,2,288,270,0,2004,16327
1,2,263,279,91,2008,21196
1,2,0,0,92,2009,19295
1,2,252,0,0,2006,21197
1,1,281,252,87,2009,9244
1,2,282,0,87,2008,50899
1,0,0,0,0,0,0
1,2,273,245,91,0,9060
2,2,249,260,87,2005,16045
1,0,0,0,0,0,0
1,2,264,285,91,2008,3601
1,2,236,0,92,2006,17040
1,1,236,276,97,2007,50827
1,1,252,236,92,2007,21056
1,2,249,287,90,2007,17238
2,1,240,283,0,0,15912
1,2,0,240,87,2008,6674
1,2,273,272,96,2006,50065
1,2,252,279,100,2008,17967
2,2,249,272,0,2003,50004
1,2,0,0,0,0,2903
2,2,273,0,95,2005,17041
1,1,287,242,92,2006,52734
1,2,0,0,92,0,50146
1,1,240,282,93,2007,16487
1,2,240,0,96,2006,16241
1,1,277,0,0,2006,19444
2,1,0,0,0,2005,21724
1,2,287,287,97,2007,7476
3,2,0,0,0,0,0
1,2,0,0,91,2009,5725
1,2,277,0,87,2008,9073
1,1,252,238,87,2009,1594
1,2,263,0,96,2006,25934
2,2,260,0,0,2005,8886
1,2,279,0,97,2007,21446
1,2,240,249,92,2007,50875
1,0,0,0,0,0,0
2,1,287,254,0,2005,52204
2,1,283,0,0,2005,9073
1,2,0,0,92,2009,17789
1,2,260,0,89,2007,9421
1,2,0,0,97,2008,51008
2,1,252,0,0,2005,50241
1,2,279,276,92,2006,8991
1,1,252,250,97,2006,51841
2,0,263,243,0,2005,50495
1,1,240,282,0,2005,8857
2,1,236,270,0,2004,25072
1,1,240,282,92,2008,0
1,2,252,235,96,2006,0
1,2,247,0,0,0,20853
1,2,0,0,87,2009,50152
1,2,279,236,0,2007,16383
1,1,0,0,92,2009,0
3,2,0,0,0,1938,9768
2,0,0,0,0,0,2817
1,2,279,249,0,2006,0
2,1,250,282,0,1998,21500
1,1,263,288,93,2006,50664
2,1,283,275,91,2001,51789
2,1,0,0,0,0,0
1,2,240,239,97,2006,16423
1,1,0,0,87,2008,17060
1,2,236,0,88,2007,16267
2,1,241,287,0,2005,50827
2,1,241,0,0,2004,50909
1,0,0,0,0,0,0
2,1,287,256,0,2004,50540
1,1,240,260,91,2009,9415
1,1,247,283,0,2006,22887
1,2,241,0,93,2006,9060
1,2,281,279,91,2009,0
1,2,0,0,91,2008,9321
1,1,256,0,0,2008,9021
1,1,0,0,87,2009,17009
2,0,0,0,0,0,0
2,2,277,0,0,0,17914
1,2,249,0,92,2009,21238
1,1,0,0,92,2008,25848
1,2,264,252,0,2007,50045
1,1,284,0,92,2007,25121
1,1,240,252,89,2006,19238
1,1,282,0,92,2009,20927
3,2,283,236,0,0,0
1,2,263,277,92,2008,16159
2,1,264,286,0,2005,50192
1,1,282,260,91,2008,9167
2,2,278,245,0,2005,19841
1,1,240,275,95,2006,0
1,2,0,0,0,2008,17620
1,2,287,236,87,2007,18696
1,2,0,0,87,2009,25757
2,2,249,281,0,2004,50368
2,2,0,0,98,2005,56190
1,2,252,249,92,2009,21484
2,1,283,249,0,2003,3633
2,0,0,0,0,0,0
1,0,0,0,0,0,0
1,1,273,256,97,2008,50459
1,1,0,0,92,2008,17568
1,1,277,0,92,2009,15803
1,1,282,285,92,2009,21781
1,2,275,0,87,2009,8910
1,1,241,239,97,2007,9076
1,2,244,249,91,2008,52734
1,0,258,0,0,2006,0
2,1,240,0,0,2004,25072
2,2,273,0,0,2005,5486
1,1,243,282,87,2007,21598
1,1,241,260,89,2008,2048
1,1,240,274,87,2006,3840
2,1,252,279,92,2005,52623
1,1,252,0,87,2009,17746
1,1,0,0,92,2009,50173
2,2,283,276,95,2005,51465
1,2,0,0,91,2009,0
1,0,0,0,92,2008,17537
1,2,263,286,92,2006,50595
1,1,263,0,97,2007,0
1,0,0,0,0,0,0
1,2,241,283,93,2006,50864
1,1,240,274,89,2007,50065
1,1,0,0,91,2009,574
2,0,278,238,0,2005,9077
1,1,279,263,91,2009,4240
1,2,271,282,92,2007,51841
1,2,0,0,87,2009,51652
3,0,0,0,0,0,0
1,1,240,241,92,2007,9324
1,2,263,249,91,2006,5852
1,1,249,287,93,2008,52477
1,1,240,0,89,2008,3666
1,1,0,0,92,2009,3576
1,1,240,273,100,2008,16510
1,1,241,283,96,2006,50813
1,1,249,0,95,2006,21408
1,1,282,240,92,2007,16405
1,1,273,278,91,2009,21800
2,2,249,248,0,2005,21462
1,2,249,0,89,2006,50007
1,2,0,0,99,2008,17863
1,1,252,246,91,2009,16090
1,1,252,0,87,2007,16068
2,0,277,256,0,2005,50827
1,1,283,0,92,2006,9404
1,2,240,0,87,2008,5219
1,1,0,0,87,2009,0
1,2,0,0,92,2008,16202
1,1,0,0,92,2009,50020
1,1,283,0,95,2006,0
1,2,282,288,92,2009,3299
1,2,282,240,89,2007,51289
1,1,240,282,95,2006,53977
1,0,0,0,0,2008,25829
2,1,249,287,0,2005,15987
1,2,0,249,87,2009,21629
1,2,282,0,92,2009,9757
1,2,0,0,91,2009,50354
1,2,249,0,92,2008,17786
1,1,252,0,92,2006,24942
2,1,260,259,0,2005,23150
1,1,284,282,93,2008,25119
1,1,273,0,93,2006,690
1,2,272,273,87,2009,52152
1,2,278,0,91,2009,0
2,1,240,0,0,0,4296
1,1,0,0,100,2008,17062
1,2,0,0,87,2009,2374
2,1,0,0,0,2004,5477
2,2,273,250,0,2005,9060
2,0,238,0,0,2005,0
0,0,0,0,0,0,0
1,2,242,0,92,2009,8647
1,2,240,255,91,2009,20865
1,1,244,256,93,2008,3658
1,2,249,273,97,2007,25409
2,1,240,0,0,2005,50073
1,1,236,276,0,2007,25934
1,1,0,0,91,2009,50253
1,1,246,0,91,2009,50088
1,1,240,0,93,2008,2911
1,1,241,239,96,2006,50827
1,1,283,240,92,2008,50269
1,1,0,0,92,2007,9093
2,2,279,0,0,2005,16327
1,1,240,0,0,2007,50141
1,1,240,275,96,2006,17115
2,0,287,250,0,2005,0
1,2,273,0,92,2007,0
2,1,0,0,0,2004,0
2,2,263,0,0,2005,50068
2,0,272,239,94,2005,22975
1,1,275,256,92,2006,0
2,2,258,0,0,2000,0
1,2,279,276,92,2009,17456
1,1,279,287,89,0,0
1,2,277,0,92,2006,24005
1,1,252,273,92,2007,0
1,2,282,241,91,2007,15827
1,2,249,0,92,2008,17456
1,2,263,248,92,2007,16414
1,2,263,284,91,2009,50038
1,2,263,252,87,2009,0
1,1,263,249,89,2007,16396
1,1,284,268,89,2007,9070
2,1,283,273,0,2004,50125
1,2,280,0,87,2009,21443
2,2,279,288,0,2005,9773
2,2,240,275,0,2005,16423
1,1,0,0,92,2008,9382
1,2,240,241,96,2006,4295
1,2,241,0,92,2009,21219
1,1,252,254,92,2006,17238
1,2,279,0,91,2008,50033
1,0,248,242,92,2008,9293
1,1,279,0,91,2009,0
1,2,247,254,0,0,50786
1,2,241,0,92,2007,21055
1,2,279,0,95,2007,50504
2,2,279,0,0,2002,22250
1,1,0,0,87,2009,9005
1,1,0,0,97,2008,50088
1,2,0,0,92,2008,54637
1,1,283,275,92,2007,19967
1,2,0,0,92,2009,16356
2,1,241,0,0,2004,3601
1,1,0,0,0,2008,0
1,1,252,250,92,2008,50333
1,2,279,287,95,2006,16361
1,1,285,260,0,2006,50398
1,2,249,277,93,2007,19958
1,1,282,248,91,2009,3638
1,1,244,0,92,2006,21781
1,1,282,273,91,2009,9588
1,2,0,0,97,2008,50272
1,1,0,0,92,2008,2849
1,0,0,0,0,0,0
1,2,0,0,92,2008,17908
1,1,241,240,87,2009,21613
1,1,284,0,92,2009,16438
1,1,267,242,87,2009,17934
1,2,240,0,0,2007,1935
3,1,247,274,93,2008,13260
1,2,278,273,91,2009,0
1,1,0,0,92,2009,16924
1,1,279,276,92,2008,0
1,2,0,0,91,2009,22191
2,1,273,250,0,2004,17456
1,1,241,239,95,2007,51143
1,2,0,0,91,2009,16354
1,2,283,0,92,2009,12060
1,2,263,243,89,2008,50350
1,2,240,259,91,2007,21817
1,2,252,277,92,2006,50192
1,0,277,0,97,2007,0
2,2,272,271,0,2003,21095
1,1,282,256,91,2008,3570
1,2,255,278,92,2009,0
1,2,279,276,92,2007,25008
1,1,249,256,98,2006,0
1,2,0,0,87,2009,3638
2,1,252,246,0,2004,16251
1,2,284,0,92,2006,16422
1,1,283,0,87,2009,21411
1,2,0,0,92,2008,50088
1,2,260,0,97,2007,3546
2,1,0,0,0,2003,50410
2,1,283,255,0,2004,50095
1,1,0,0,91,2009,50115
1,0,0,0,0,0,52745
1,1,0,0,92,2009,4555
1,1,0,0,87,2008,50347
2,1,252,288,0,2004,51444
1,2,279,270,92,2008,50021
1,1,277,281,91,2009,16405
2,1,277,0,0,2004,50025
2,1,275,283,0,2005,1465
1,1,0,0,91,2008,3650
2,1,277,283,0,2004,51385
1,1,283,284,92,2008,17568
1,0,0,0,0,0,0
1,1,283,282,92,2009,19444
1,2,269,282,91,2008,52130
1,2,240,0,91,2009,3754
1,1,0,0,91,2009,16159
2,1,249,0,0,2004,17636
2,2,241,0,0,2004,0
1,2,244,289,96,2006,50827
2,1,240,289,0,2005,0
1,0,0,0,0,0,0
1,2,240,277,95,2006,9251
2,2,279,249,0,2005,3858
1,1,239,275,92,2007,21122
1,2,249,245,90,2006,50523
1,2,282,0,87,2009,21653
1,1,0,0,92,2009,3769
1,2,241,0,92,2006,50241
2,1,241,283,0,2005,3583
1,2,0,0,87,2009,17636
1,2,271,252,91,2009,9278
1,1,241,239,0,2006,50481
2,2,263,0,87,2005,16245
1,1,279,0,95,2006,15890
2,2,252,0,0,2004,8366
1,1,263,0,97,2007,23168
2,1,252,246,92,2005,0
1,1,252,287,0,2006,21423
1,2,249,273,92,2008,53347
1,1,244,274,87,2009,3535
1,2,263,0,92,2006,3840
1,1,283,259,89,2008,21235
2,1,244,288,0,2004,50149
1,1,282,241,92,2008,0
1,2,0,0,91,2009,3674
1,2,247,0,90,2008,15588
1,2,253,0,92,2008,1942
1,1,0,0,89,2006,0
1,1,0,0,92,2009,17643
1,2,240,275,96,2006,50058
1,1,273,282,87,2008,21977
1,1,0,0,92,2009,50466
1,1,0,0,93,2008,4702
2,1,240,287,0,2005,17430
1,2,279,281,91,2008,16161
1,1,240,0,92,2008,3741
1,2,252,290,97,2008,50491
1,1,277,250,92,2008,17189
1,1,279,249,0,2007,52056
2,1,284,0,0,2005,50012
1,1,249,0,93,2007,17353
1,2,0,0,100,2007,0
1,1,241,273,92,2009,50099
2,2,284,0,0,2003,21473
1,1,284,281,92,2006,16502
1,1,263,250,94,2006,1529
1,2,0,0,0,2007,55579
1,2,0,0,92,2008,50148
1,2,282,0,97,2008,56043
2,0,0,0,0,0,0
1,1,275,284,92,2007,16440
2,2,252,236,0,2005,9023
2,1,273,249,0,2004,21800
1,1,0,0,87,2009,20747
1,0,0,0,0,0,0
2,1,287,0,0,2005,17686
1,1,279,256,92,2007,50090
2,0,0,0,0,0,0
2,2,0,0,100,0,0
2,0,0,0,0,2005,50813
1,1,0,0,92,2009,25012
2,2,241,277,0,2004,21292
1,2,0,0,91,2009,0
2,1,279,0,0,2004,17541
1,1,252,254,98,2007,0
1,1,240,282,92,2007,3674
2,2,236,237,0,2002,53392
1,1,240,0,95,2006,2228
2,1,283,0,92,2005,7229
2,2,0,0,0,2004,50011
1,2,273,245,92,2009,3416
1,2,282,279,91,2008,25253
1,2,279,263,88,2006,50058
1,1,241,264,87,2009,20747
1,1,0,0,87,2008,20747
2,2,241,239,0,2004,21965
2,1,240,0,0,2004,1943
1,1,279,287,93,2007,50920
1,1,283,288,92,2007,0
1,1,287,0,92,2007,21292
1,1,288,282,0,2009,53663
1,1,239,275,91,2005,51366
1,2,241,239,92,2005,0
1,1,282,0,91,2009,6448
2,2,240,282,0,2005,50308
1,1,0,0,91,2009,16860
2,2,287,0,0,2003,21258
1,2,240,256,92,2008,9021
1,1,238,0,92,2009,21220
1,1,287,0,92,2006,16492
1,2,260,0,87,2008,3827
1,1,240,0,92,2006,0
2,1,279,276,0,2005,50370
1,1,0,0,92,2008,17352
1,0,249,0,87,2008,9264
1,2,0,0,97,2008,17264
2,1,260,0,0,2004,2849
1,1,0,0,92,2008,1429
1,2,272,0,0,2006,17454
1,2,279,241,0,2007,0
1,1,243,0,97,2008,17348
1,2,240,273,91,2009,50649
1,1,239,248,95,2006,16852
1,1,285,0,87,2009,16805
1,2,263,0,87,2008,51444
2,1,271,0,0,2005,3535
1,2,249,0,92,2009,1941
1,2,273,283,87,2006,9023
1,1,282,283,92,2008,21606
1,0,0,0,89,2008,20853
1,2,255,0,100,2007,4551
1,2,0,0,91,0,50074
1,0,0,0,91,2009,15987
1,2,258,274,92,2008,7721
1,1,236,256,97,2007,17337
1,1,272,0,91,2009,0
1,2,236,277,0,2007,21598
1,2,241,239,92,2007,56033
1,2,279,248,87,2009,17732
4,1,0,0,0,0,4852
1,1,0,0,87,2008,50899
1,1,240,282,92,2008,6662
4,2,0,0,0,0,6027
1,2,249,0,87,2009,16160
1,1,0,0,97,2008,3840
2,1,278,238,0,2005,25188
2,2,273,278,0,2005,2233
2,1,252,244,0,0,628
2,2,272,241,95,2005,2972
2,1,249,259,96,2004,3123
1,1,252,283,92,2008,52984
1,1,275,256,91,2009,50611
2,2,245,249,92,2004,52489
1,1,264,283,97,2008,1980
1,2,249,0,93,2007,9021
1,1,263,250,94,2006,52986
1,1,0,0,95,0,21417
1,2,240,0,91,2007,16159
4,1,0,0,0,0,0
2,1,238,252,96,2005,21037
2,1,240,0,0,2003,9165
1,1,263,283,92,2007,50020
1,2,249,279,87,2009,60852
1,1,0,0,94,2008,21621
1,2,249,0,93,2005,17980
1,2,261,254,92,2009,51651
1,0,288,241,91,2008,17949
2,1,0,0,95,2004,17759
1,1,279,276,98,2006,0
2,2,288,270,0,2005,50122
1,1,244,0,0,2006,3199
1,1,240,247,92,2008,3755
1,1,252,0,87,2008,5852
2,1,283,0,0,2005,17782
2,2,277,259,0,2004,7819
1,2,279,0,92,2009,50184
1,2,0,0,0,2008,17430
1,2,279,0,0,2006,17901
1,2,287,0,91,2007,50583
1,1,249,0,92,2009,16810
1,1,0,0,87,2009,20853
1,1,273,250,89,2007,17129
1,2,273,278,92,2007,50241
1,1,279,0,96,2005,9366
1,1,0,0,91,2009,16510
2,1,273,249,96,2005,17714
1,1,252,263,91,2008,9292
2,2,241,0,0,2004,1720
1,2,281,0,91,2009,51143
1,2,261,242,92,2006,50460
2,0,0,0,0,0,0
1,1,255,291,92,2007,17641
1,1,258,283,92,2009,50152
1,1,252,288,89,2007,9324
1,1,241,283,92,2006,21351
2,1,287,250,0,2005,9594
1,1,240,0,92,2006,50436
1,0,249,0,90,0,0
2,0,283,288,0,2005,3815
1,2,278,273,92,2008,9779
1,1,249,248,87,2006,50189
1,1,249,248,91,2008,260
1,1,263,250,93,2008,21487
1,2,0,0,92,2009,9414
1,2,243,0,92,2007,25012
1,2,260,0,92,2008,16159
1,1,281,280,87,2008,50024
2,2,278,0,0,2005,21781
1,2,279,0,93,2006,16261
2,2,249,277,0,2004,50201
2,2,0,0,0,2005,16387
1,1,0,0,92,2009,50852
2,1,244,256,0,2004,50525
1,1,263,0,0,2007,17972
1,1,264,268,0,2007,16487
1,1,283,250,92,2009,17537
1,1,256,264,96,2006,21596
1,2,282,0,91,2008,17994
1,1,263,283,96,2006,50100
2,2,0,0,0,0,16400
1,0,249,0,90,2006,6138
1,2,283,250,98,2006,50786
1,1,283,0,0,2007,9581
1,1,240,0,87,2009,50468
1,1,284,277,91,2007,4295
2,2,0,0,0,2005,0
2,1,0,0,0,2004,50010
1,1,0,0,87,2009,17009
1,1,0,0,92,2007,0
2,2,283,279,0,2005,2823
1,2,240,241,91,2009,50151
1,2,0,0,91,2008,50608
1,1,279,288,96,2006,4061
1,1,282,235,92,2009,21736
1,0,0,0,0,0,0
1,2,263,279,0,2007,50259
1,2,241,279,96,2006,3576
2,1,0,0,0,2005,16176
1,1,273,256,0,0,50042
1,1,240,282,87,2008,17326
1,1,0,0,0,0,16045
1,2,241,0,97,2008,26488
2,2,278,0,0,2005,53092
1,0,280,0,0,0,0
1,1,0,0,0,0,9720
2,2,279,0,86,2005,17813
2,2,263,286,96,2004,11878
1,2,240,277,92,2006,16265
1,2,0,0,87,2008,15996
1,2,277,279,96,2005,50131
1,2,241,240,87,2008,10542
1,2,279,0,92,2005,16805
1,1,263,274,0,2006,21620
2,2,263,0,0,2004,50846
1,2,279,249,92,2007,52125
1,1,283,249,91,2006,21778
1,1,276,279,89,0,0
2,1,283,0,92,2004,51942
2,1,249,288,0,2005,53565
1,1,282,240,92,2008,3827
1,1,282,240,97,2007,16445
1,1,0,0,91,2008,11019
2,2,279,249,96,1975,0
1,1,283,282,92,2009,51465
1,2,273,278,97,2008,16235
1,2,274,289,0,0,0
1,1,279,281,91,2009,16318
1,1,263,249,89,2006,50025
2,2,277,0,0,2003,4296
1,1,244,0,0,2007,9414
1,2,0,0,92,2007,50203
1,1,252,0,0,2007,0
1,0,0,0,0,0,0
2,1,0,0,0,2003,50529
1,2,249,279,0,2005,11099
1,2,277,288,92,2009,8845
1,2,0,0,97,2008,17636
1,2,249,0,89,2007,9073
2,2,263,246,0,2002,10289
2,2,266,261,96,2005,3884
1,2,252,288,96,2005,2701
1,2,237,249,0,2006,21146
1,2,279,288,89,2008,21841
1,1,0,0,0,2007,51849
1,1,263,279,97,2007,4585
4,2,274,263,92,2007,16661
1,2,0,0,92,2009,17717
1,1,0,0,91,2009,9343
2,2,279,276,0,2005,21629
1,1,240,275,87,2007,50523
1,0,0,0,0,0,0
1,1,282,235,93,2008,21462
1,1,0,0,91,2009,50611
1,1,0,0,92,2008,9530
2,0,0,0,96,2005,17430
1,0,275,241,98,2007,51108
1,0,283,239,91,2005,9567
2,1,263,0,0,2005,21326
1,1,287,246,0,2007,9382
1,1,0,0,92,2006,50738
1,2,0,0,92,2009,50020
1,2,241,273,93,2007,3057
2,1,0,0,0,2003,3683
1,2,0,0,91,2009,3858
1,1,252,255,92,0,0
1,0,240,0,92,2005,17454
2,2,249,279,92,2005,50046
2,1,264,0,92,2005,21323
1,1,284,283,93,2006,17454
1,1,255,0,97,2008,24694
1,2,258,0,92,2007,53092
1,1,240,276,91,2007,50024
2,2,263,277,0,2005,3840
1,2,0,0,97,2008,51704
1,2,0,0,92,2008,3638
1,1,263,260,0,2007,50105
1,1,277,0,0,2007,3564
1,0,0,0,0,0,0
1,1,240,0,92,2009,17566
1,1,236,0,87,2008,50436
1,2,252,288,0,2008,17764
1,1,0,0,93,2008,21487
1,2,249,272,92,2007,9224
1,0,0,0,0,0,0
1,1,279,250,0,2008,12304
1,2,0,0,92,2008,0
4,2,0,0,0,0,22827
1,1,273,250,92,2008,18696
2,2,259,0,0,2005,50277
2,1,240,0,0,2005,0
1,2,278,273,89,2008,20602
1,2,249,248,98,2006,3762
1,2,277,0,92,2006,50410
1,1,240,253,87,2009,25022
1,2,248,0,92,2008,50735
1,2,252,277,90,2007,3565
1,1,0,0,87,2008,11123
1,2,283,274,91,2009,2561
2,2,0,0,0,2004,50241
1,0,252,0,0,2006,25734
1,1,241,273,92,2009,16318
1,1,0,0,91,2009,50899
2,2,279,287,0,2005,51143
1,0,240,0,95,2006,16208
1,1,244,291,100,2008,52783
1,2,263,236,90,2006,17305
1,2,263,249,91,2009,0
1,2,273,287,96,2006,20941
1,1,0,0,0,2007,17934
1,1,240,283,95,2006,16320
1,1,279,277,87,2009,17584
2,1,249,279,0,2004,21090
1,1,0,0,92,2009,9530
1,1,0,0,87,2009,53893
1,1,282,273,87,2009,50308
1,1,241,236,91,2008,50249
1,1,0,0,87,2009,51111
1,1,252,0,0,2006,21596
1,0,0,0,0,0,0
1,2,258,240,92,2009,50900
1,2,240,0,92,2008,17908
1,2,260,277,87,2008,50909
1,2,263,0,0,2007,51367
1,1,279,254,0,2008,0
1,1,277,288,97,2007,50024
1,1,275,253,87,2009,50419
1,1,0,0,91,2009,24657
2,2,249,0,90,2003,0
2,2,263,0,0,2004,50152
1,1,0,0,92,2008,18998
1,1,0,0,97,2008,53523
2,2,252,281,93,2005,17361
2,1,252,0,0,2005,8549
3,2,263,277,100,2007,50460
1,1,273,252,95,2006,0
1,1,0,0,87,2009,9318
2,2,249,0,92,2004,16423
1,2,238,278,87,2008,25014
1,2,277,240,92,2009,17340
1,2,241,240,91,2007,25014
1,2,287,250,89,2006,9262
2,2,249,273,0,2005,17239
1,2,274,256,0,2007,50064
1,2,282,0,93,2008,3674
1,2,269,281,0,2009,0
1,2,263,287,97,2007,50020
2,1,273,289,0,2005,50221
1,1,241,275,92,2008,52401
1,2,252,259,92,2006,9333
1,1,240,282,91,2009,53977
1,2,0,0,91,2008,0
1,2,240,275,87,2008,21095
1,2,0,0,92,2009,3683
1,0,255,277,87,2007,0
1,2,0,0,93,2008,21596
1,2,0,0,91,2009,50074
1,2,249,287,93,2006,51937
1,1,0,0,87,2008,50151
2,1,279,283,0,2004,9256
1,2,0,0,92,2006,50060
1,1,273,288,92,2006,16090
2,2,287,0,86,2005,17456
1,2,0,0,87,2009,0
1,1,252,0,92,2009,9077
1,1,287,240,87,2009,3716
2,2,240,283,0,2005,9741
1,2,249,274,93,2006,20731
1,2,0,0,92,2009,50192
2,1,0,0,0,2003,9224
1,1,283,288,97,2007,21036
1,1,241,248,93,2008,50675
2,2,254,257,0,0,0
2,0,0,0,0,0,0
2,1,252,256,96,0,21232
1,1,0,0,0,2008,50151
1,1,249,289,92,2006,17613
1,1,0,0,92,2009,50378
1,2,0,0,92,2008,9021
1,0,0,0,92,2008,18366
2,1,241,282,0,2005,4462
1,1,0,0,92,2009,54990
1,1,0,282,87,2008,24342
1,2,273,250,91,2008,5852
2,2,252,246,0,2004,0
1,1,0,0,92,2008,15803
1,2,249,0,0,2006,0
