 4
 7
 9
 10
 16
 19
 24
 26
 27
 31
 32
 33
 35
 39
 40
 45
 49
 57
 61
 63
 73
 75
 79
 82
 83
 89
 90
 95
 97
 98
 99
 100
 106
 108
 112
 114
 126
 128
 131
 132
 133
 134
 141
 143
 146
 147
 148
 149
 153
 154
 155
 160
 161
 165
 168
 172
 173
 178
 184
 185
 187
 188
 193
 197
 199
 204
 207
 208
 212
 214
 219
 221
 225
 226
 228
 229
 231
 240
 242
 248
 250
 256
 257
 259
 260
 261
 262
 264
 273
 275
 276
 277
 283
 286
 290
 299
 305
 308
 309
 310
 313
 317
 319
 323
 327
 342
 343
 347
 348
 352
 354
 356
 357
 362
 363
 364
 366
 369
 372
 376
 388
 389
 390
 393
 395
 398
 409
 411
 412
 415
 418
 421
 422
 423
 424
 426
 427
 429
 430
 431
 432
 433
 436
 441
 446
 448
 451
 453
 454
 456
 459
 460
 462
 466
 467
 468
 469
 470
 479
 480
 482
 483
 489
 490
 492
 499
 500
 502
 505
 508
 510
 512
 519
 520
 522
 523
 526
 528
 531
 532
 538
 539
 542
 547
 551
 552
 558
 562
 570
 573
 574
 576
 579
 580
 584
 590
 593
 595
 597
 598
 600
 602
 606
 608
 610
 611
 614
 617
 619
 622
 625
 628
 630
 636
 640
 645
 648
 649
 650
 651
 653
 655
 658
 660
 666
 668
 672
 674
 678
 680
 681
 682
 683
 689
 693
 695
 701
 702
 706
 707
 712
 714
 717
 719
 722
 723
 724
 725
 728
 729
 730
 735
 741
 744
 745
 746
 755
 759
 760
 762
 764
 765
 770
 771
 775
 779
 780
 786
 790
 797
 798
 799
 800
 804
 805
 806
 810
 814
 820
 822
 825
 826
 827
 828
 830
 834
 835
 836
 838
 839
 840
 843
 844
 848
 851
 852
 855
 856
 861
 862
 863
 868
 871
 875
 882
 884
 891
 893
 894
 897
 907
 911
 912
 913
 915
 916
 917
 919
 920
 921
 927
 936
 938
 939
 942
 943
 946
 954
 955
 956
 963
 972
 973
 976
 977
 978
 979
 982
 987
 990
 993
 996
 999
 1000
 1001
 1004
 1005
 1008
 1009
 1011
 1018
 1019
 1026
 1031
 1033
 1034
 1037
 1041
 1044
 1045
 1046
 1047
 1050
 1051
 1056
 1065
 1069
 1070
 1071
 1073
 1078
 1087
 1089
 1090
 1091
 1092
 1093
 1094
 1096
 1098
 1099
 1100
 1109
 1110
 1111
 1114
 1120
 1121
 1125
 1126
 1130
 1133
 1134
 1138
 1140
 1142
 1144
 1149
 1155
 1157
 1158
 1160
 1161
 1162
 1167
 1168
 1170
 1171
 1173
 1176
 1180
 1186
 1187
 1191
 1192
 1194
 1196
 1198
 1201
 1206
 1207
 1217
 1220
 1223
 1230
 1239
 1240
 1241
 1245
 1247
 1255
 1257
 1258
 1259
 1263
 1266
 1268
 1276
 1278
 1280
 1281
 1282
 1283
 1285
 1286
 1288
 1289
 1293
 1301
 1307
 1315
 1317
 1322
 1325
 1326
 1329
 1333
 1334
 1336
 1340
 1345
 1347
 1349
 1358
 1360
 1363
 1364
 1365
 1368
 1371
 1373
 1380
 1381
 1382
 1393
 1397
 1399
 1403
 1405
 1406
 1408
 1409
 1410
 1412
 1418
 1422
 1425
 1427
 1428
 1430
 1433
 1434
 1435
 1437
 1441
 1442
 1445
 1446
 1449
 1450
 1451
 1453
 1461
 1464
 1466
 1468
 1473
 1474
 1478
 1479
 1486
 1490
 1491
 1494
 1497
 1499
 1502
 1504
 1508
 1509
 1510
 1515
 1518
 1520
 1521
 1527
 1531
 1532
 1533
 1537
 1540
 1541
 1546
 1549
 1558
 1560
 1565
 1567
 1568
 1571
 1576
 1577
 1579
 1583
 1584
 1591
 1593
 1594
 1596
 1597
 1599
 1600
 1611
 1613
 1615
 1617
 1621
 1626
 1628
 1629
 1631
 1633
 1638
 1639
 1641
 1644
 1648
 1651
 1653
 1655
 1660
 1668
 1675
 1685
 1688
 1689
 1693
 1697
 1699
 1705
 1710
 1711
 1713
 1715
 1717
 1719
 1721
 1725
 1729
 1731
 1732
 1733
 1736
 1740
 1751
 1753
 1756
 1757
 1762
 1763
 1768
 1774
 1777
 1778
 1782
 1783
 1785
 1792
 1795
 1796
 1797
 1801
 1802
 1807
 1809
 1810
 1811
 1812
 1814
 1816
 1817
 1818
 1823
 1824
 1827
 1836
 1840
 1845
 1847
 1848
 1849
 1851
 1852
 1857
 1859
 1860
 1862
 1865
 1867
 1869
 1874
 1875
 1876
 1883
 1884
 1885
 1891
 1893
 1896
 1897
 1899
 1903
 1904
 1905
 1907
 1909
 1914
 1922
 1928
 1935
 1939
 1945
 1956
 1962
 1967
 1970
 1972
 1974
 1975
 1982
 1985
 1986
 1987
 1990
 1991
 1996
 2000
 2004
 2008
 2010
 2012
 2014
 2015
 2023
 2028
 2029
 2032
 2036
 2037
 2038
 2042
 2047
 2055
 2057
 2061
 2065
 2076
 2080
 2081
 2082
 2084
 2093
 2094
 2099
 2100
 2107
 2108
 2109
 2110
 2111
 2115
 2119
 2122
 2123
 2124
 2126
 2132
 2135
 2136
 2137
 2139
 2142
 2147
 2148
 2152
 2153
 2159
 2160
 2165
 2167
 2177
 2184
 2185
 2187
 2190
 2193
 2195
 2196
 2200
 2202
 2204
 2205
 2216
 2218
 2220
 2232
 2235
 2237
 2238
 2243
 2247
 2250
 2254
 2255
 2258
 2264
 2269
 2271
 2272
 2274
 2278
 2279
 2281
 2282
 2284
 2287
 2292
 2295
 2298
 2302
 2303
 2310
 2313
 2316
 2321
 2322
 2323
 2325
 2333
 2338
 2339
 2340
 2345
 2346
 2347
 2348
 2355
 2356
 2362
 2376
 2377
 2379
 2382
 2383
 2390
 2392
 2393
 2396
 2399
 2402
 2403
 2404
 2405
 2406
 2415
 2419
 2420
 2422
 2423
 2429
 2430
 2436
 2438
 2445
 2448
 2451
 2453
 2456
 2459
 2460
 2461
 2465
 2470
 2472
 2473
 2475
 2476
 2479
 2480
 2483
 2485
 2487
 2489
 2490
 2492
 2496
 2498
 2499
 2504
 2507
 2510
 2519
 2523
 2526
 2531
 2532
 2538
 2542
 2546
 2548
 2549
 2552
 2553
 2555
 2557
 2564
 2567
 2568
 2569
 2581
 2582
 2583
 2586
 2588
 2594
 2595
 2596
 2599
 2601
 2603
 2605
 2606
 2607
 2609
 2612
 2615
 2617
 2621
 2623
 2630
 2631
 2633
 2636
 2640
 2643
 2647
 2648
 2649
 2650
 2652
 2653
 2654
 2657
 2663
 2668
 2674
 2677
 2678
 2680
 2682
 2683
 2691
 2693
 2695
 2706
 2709
 2723
 2737
 2740
 2742
 2743
 2745
 2748
 2752
 2753
 2757
 2759
 2762
 2766
 2767
 2770
 2780
 2781
 2783
 2784
 2790
 2791
 2795
 2799
 2800
 2805
 2807
 2808
 2810
 2811
 2813
 2816
 2821
 2823
 2824
 2825
 2826
 2827
 2829
 2830
 2833
 2836
 2839
 2840
 2843
 2851
 2853
 2856
 2857
 2860
 2861
 2863
 2864
 2865
 2875
 2883
 2884
 2885
 2888
 2893
 2903
 2904
 2905
 2906
 2908
 2909
 2917
 2918
 2921
 2923
 2927
 2928
 2930
 2933
 2938
 2942
 2945
 2950
 2952
 2953
 2960
 2961
 2966
 2969
 2973
 2977
 2978
 2983
 2985
 2986
 2988
 2990
 2992
 2994
 2997
 3000
 3001
 3002
 3004
 3009
 3017
 3021
 3022
 3025
 3026
 3028
 3029
 3032
 3034
 3036
 3040
 3044
 3045
 3047
 3049
 3050
 3051
 3054
 3057
 3067
 3068
 3069
 3070
 3071
 3076
 3079
 3080
 3084
 3090
 3091
 3094
 3097
 3100
 3105
 3108
 3109
 3112
 3122
 3126
 3139
 3142
 3143
 3144
 3146
 3147
 3148
 3150
 3154
 3156
 3157
 3161
 3163
 3164
 3165
 3169
 3171
 3172
 3173
 3174
 3175
 3177
 3179
 3181
 3188
 3191
 3192
 3193
 3195
 3198
 3201
 3205
 3209
 3212
 3215
 3216
 3223
 3224
 3226
 3230
 3232
 3233
 3234
 3235
 3236
 3237
 3238
 3241
 3242
 3245
 3246
 3249
 3253
 3255
 3258
 3259
 3267
 3268
 3269
 3270
 3271
 3272
 3275
 3276
 3277
 3279
 3282
 3286
 3287
 3289
 3296
 3300
 3303
 3308
 3309
 3319
 3324
 3325
 3326
 3327
 3328
 3333
 3335
 3337
 3338
 3339
 3358
 3360
 3363
 3367
 3376
 3377
 3383
 3386
 3388
 3390
 3393
 3400
 3414
 3415
 3416
 3419
 3421
 3422
 3424
 3425
 3429
 3435
 3439
 3444
 3445
 3451
 3456
 3457
 3458
 3460
 3463
 3464
 3469
 3471
 3474
 3475
 3483
 3485
 3486
 3487
 3490
 3491
 3493
 3497
 3503
 3512
 3513
 3516
 3518
 3523
 3525
 3529
 3530
 3532
 3534
 3538
 3540
 3544
 3546
 3554
 3555
 3556
 3557
 3558
 3559
 3561
 3562
 3570
 3572
 3573
 3574
 3576
 3578
 3581
 3583
 3589
 3591
 3595
 3597
 3599
 3601
 3605
 3607
 3608
 3609
 3610
 3615
 3621
 3622
 3631
 3632
 3633
 3634
 3641
 3643
 3647
 3652
 3655
 3656
 3658
 3659
 3665
 3667
 3668
 3670
 3673
 3675
 3678
 3682
 3683
 3684
 3685
 3691
 3692
 3693
 3699
 3707
 3708
 3709
 3715
 3717
 3721
 3722
 3727
 3729
 3730
 3732
 3735
 3736
 3737
 3739
 3743
 3744
 3748
 3750
 3752
 3756
 3759
 3764
 3765
 3767
 3773
 3775
 3778
 3779
 3787
 3789
 3790
 3791
 3792
 3794
 3796
 3797
 3798
 3799
 3800
 3802
 3803
 3805
 3806
 3809
 3811
 3817
 3818
 3819
 3822
 3826
 3830
 3838
 3840
 3841
 3842
 3847
 3852
 3853
 3857
 3860
 3861
 3863
 3864
 3868
 3869
 3870
 3877
 3880
 3881
 3882
 3884
 3886
 3892
 3893
 3896
 3897
 3902
 3904
 3911
 3912
 3916
 3918
 3924
 3925
 3931
 3934
 3942
 3944
 3947
 3950
 3955
 3958
 3962
 3965
 3966
 3967
 3969
 3972
 3973
 3976
 3980
 3981
 3982
 3983
 3986
 3990
 3993
 3995
 3997
 3999
 4002
 4008
 4010
 4014
 4015
 4019
 4022
 4024
 4029
 4030
 4031
 4034
