 1
 5
 7
 11
 12
 17
 18
 20
 27
 29
 30
 33
 35
 38
 42
 45
 49
 50
 52
 55
 57
 58
 60
 62
 70
 74
 80
 84
 85
 88
 91
 92
 100
 101
 110
 112
 117
 119
 120
 122
 124
 126
 145
 146
 152
 160
 163
 164
 165
 173
 176
 178
 184
 189
 192
 195
 198
 203
 204
 208
 209
 212
 216
 218
 219
 225
 228
 229
 233
 234
 238
 241
 244
 250
 256
 260
 270
 274
 275
 276
 281
 282
 285
 287
 288
 290
 292
 295
 296
 297
 298
 302
 305
 306
 316
 317
 324
 337
 344
 351
 352
 355
 363
 364
 369
 370
 372
 374
 375
 376
 377
 386
 393
 394
 396
 398
 399
 400
 402
 408
 411
 413
 419
 420
 424
 427
 428
 440
 442
 443
 445
 454
 460
 461
 464
 473
 474
 475
 477
 479
 480
 482
 483
 484
 496
 501
 502
 515
 517
 518
 529
 537
 544
 545
 547
 549
 551
 559
 562
 565
 567
 579
 580
 582
 586
 589
 590
 592
 593
 596
 600
 614
 619
 620
 621
 623
 624
 625
 630
 634
 637
 641
 643
 648
 650
 652
 653
 657
 661
 666
 673
 674
 677
 681
 687
 689
 692
 698
 699
 700
 702
 704
 705
 706
 707
 711
 716
 732
 734
 740
 741
 743
 744
 746
 751
 753
 764
 772
 774
 777
 778
 786
 790
 791
 793
 799
 804
 807
 813
 816
 817
 818
 819
 827
 829
 831
 836
 840
 843
 844
 846
 852
 866
 876
 878
 881
 882
 889
 891
 894
 896
 897
 902
 907
 912
 916
 931
 935
 936
 938
 939
 941
 943
 945
 955
 964
 970
 971
 974
 978
 979
 980
 982
 985
 987
 995
 1003
 1006
 1013
 1015
 1017
 1021
 1023
 1032
 1037
 1040
 1044
 1046
 1056
 1069
 1070
 1075
 1082
 1087
 1089
 1090
 1103
 1104
 1105
 1109
 1121
 1126
 1127
 1129
 1135
 1144
 1146
 1153
 1155
 1162
 1165
 1170
 1171
 1175
 1176
 1181
 1182
 1186
 1190
 1191
 1192
 1197
 1204
 1211
 1213
 1215
 1221
 1223
 1238
 1246
 1248
 1250
 1262
 1263
 1265
 1270
 1271
 1283
 1284
 1286
 1292
 1293
 1296
 1297
 1298
 1301
 1320
 1325
 1327
 1330
 1331
 1335
 1341
 1342
 1346
 1347
 1362
 1366
 1367
 1368
 1375
 1376
 1381
 1383
 1384
 1385
 1395
 1401
 1405
 1406
 1411
 1414
 1418
 1422
 1423
 1430
 1431
 1437
 1439
 1448
 1455
 1464
 1468
 1474
 1478
 1487
 1492
 1497
 1500
 1511
 1514
 1516
 1522
 1527
 1530
 1531
 1533
 1535
 1536
 1547
 1549
 1550
 1553
 1557
 1558
 1562
 1563
 1565
 1568
 1571
 1576
 1577
 1579
 1585
 1587
 1590
 1592
 1595
 1600
 1602
 1606
 1608
 1609
 1616
 1622
 1628
 1632
 1635
 1637
 1644
 1645
 1647
 1650
 1654
 1655
 1661
 1665
 1668
 1674
 1683
 1693
 1695
 1696
 1703
 1704
 1713
 1714
 1715
 1717
 1724
 1730
 1734
 1736
 1744
 1750
 1754
 1757
 1766
 1767
 1769
 1770
 1771
 1777
 1780
 1783
 1784
 1786
 1788
 1789
 1794
 1801
 1812
 1814
 1815
 1816
 1833
 1836
 1842
 1848
 1857
 1859
 1861
 1862
 1867
 1874
 1875
 1878
 1896
 1898
 1899
 1900
 1901
 1909
 1915
 1921
 1923
 1924
 1932
 1934
 1935
 1938
 1939
 1941
 1943
 1946
 1954
 1960
 1963
 1965
 1967
 1970
 1974
 1980
 1983
 1988
 1989
 1997
 2000
 2001
 2005
 2006
 2007
 2010
 2016
 2018
 2020
 2026
 2027
 2030
 2036
 2037
 2039
 2041
 2043
 2046
 2047
 2048
 2049
 2051
 2052
 2053
 2057
 2061
 2064
 2071
 2072
 2073
 2078
 2081
 2084
 2103
 2108
 2109
 2111
 2112
 2113
 2114
 2119
 2122
 2123
 2131
 2132
 2133
 2134
 2145
 2147
 2150
 2159
 2163
 2165
 2171
 2179
 2184
 2188
 2196
 2197
 2198
 2201
 2203
 2204
 2209
 2210
 2212
 2213
 2216
 2219
 2220
 2225
 2227
 2238
 2246
 2249
 2258
 2261
 2262
 2270
 2275
 2279
 2280
 2281
 2282
 2291
 2293
 2297
 2299
 2304
 2308
 2313
 2314
 2315
 2317
 2318
 2320
 2324
 2329
 2335
 2336
 2339
 2340
 2349
 2363
 2364
 2368
 2374
 2379
 2383
 2386
 2393
 2396
 2399
 2401
 2405
 2408
 2414
 2416
 2422
 2428
 2429
 2433
 2434
 2439
 2442
 2443
 2452
 2456
 2464
 2466
 2468
 2469
 2471
 2475
 2479
 2481
 2489
 2494
 2505
 2506
 2511
 2525
 2528
 2533
 2535
 2538
 2539
 2544
 2554
 2556
 2558
 2562
 2564
 2566
 2567
 2569
 2577
 2578
 2585
 2591
 2602
 2603
 2604
 2605
 2606
 2607
 2612
 2617
 2630
 2636
 2640
 2641
 2642
 2644
 2646
 2647
 2654
 2661
 2668
 2671
 2672
 2676
 2677
 2683
 2685
 2691
 2696
 2698
 2699
 2702
 2707
 2709
 2712
 2713
 2714
 2721
 2724
 2734
 2751
 2756
 2761
 2764
 2765
 2769
 2772
 2777
 2785
 2787
 2789
 2796
 2802
 2806
 2807
 2809
 2816
 2821
 2825
 2842
 2854
 2855
 2857
 2862
 2867
 2870
 2872
 2876
 2881
 2886
 2887
 2895
 2896
 2903
 2908
 2909
 2910
 2913
 2915
 2917
 2918
 2927
 2941
 2942
 2943
 2948
 2949
 2964
 2966
 2969
 2972
 2974
 2978
 2994
 2997
 2998
 3007
 3012
 3014
 3020
 3023
 3039
 3040
 3042
 3045
 3046
 3051
 3055
 3061
 3064
 3067
 3072
 3085
 3097
 3098
 3102
 3103
 3109
 3111
 3112
 3115
 3118
 3124
 3125
 3126
 3130
 3131
 3132
 3136
 3145
 3152
 3153
 3156
 3157
 3162
 3167
 3169
 3171
 3173
 3175
 3178
 3186
 3188
 3191
 3192
 3193
 3194
 3196
 3197
 3205
 3209
 3210
 3216
 3223
 3231
 3235
 3246
 3250
 3252
 3253
 3254
 3255
 3262
 3263
 3267
 3277
 3292
 3297
 3298
 3300
 3303
 3306
 3307
 3308
 3314
 3315
 3316
 3320
 3344
 3346
 3347
 3348
 3350
 3354
 3355
 3359
 3360
 3362
 3363
 3368
 3371
 3374
 3379
 3380
 3383
 3386
 3388
 3389
 3391
 3397
 3401
 3406
 3407
 3408
 3409
 3417
 3418
 3419
 3421
 3425
 3443
 3451
 3453
 3454
 3456
 3465
 3469
 3470
 3475
 3481
 3482
 3491
 3495
 3501
 3504
 3513
 3514
 3515
 3517
 3518
 3524
 3525
 3526
 3528
 3529
 3536
 3538
 3545
 3547
 3551
 3552
 3553
 3558
 3564
 3570
 3571
 3575
 3579
 3580
 3582
 3584
 3586
 3587
 3588
 3591
 3597
 3599
 3609
 3611
 3612
 3613
 3614
 3616
 3617
 3621
 3625
 3626
 3628
 3630
 3632
 3643
 3649
 3651
 3654
 3656
 3662
 3663
 3668
 3669
 3670
 3671
 3674
 3678
 3679
 3680
 3682
 3684
 3686
 3688
 3695
 3703
 3724
 3726
 3733
 3734
 3736
 3737
 3741
 3744
 3746
 3752
 3754
 3755
 3759
 3771
 3772
 3773
 3774
 3785
 3786
 3787
 3794
 3800
 3804
 3805
 3806
 3813
 3815
 3825
 3827
 3831
 3832
 3834
 3835
 3840
 3847
 3848
 3853
 3855
 3858
 3859
 3866
 3867
 3868
 3876
 3883
 3890
 3893
 3902
 3905
 3907
 3909
 3910
 3912
 3916
 3922
 3926
 3930
 3933
 3935
 3940
 3948
 3950
 3952
 3955
 3960
 3961
 3962
 3964
 3975
 3984
 3986
 3987
 3990
 3996
 4001
 4009
 4014
 4020
 4023
 4026
 4034
 4036
