 13
 14
 44
 73
 83
 87
 89
 127
 145
 151
 165
 172
 173
 182
 259
 281
 286
 344
 375
 396
 420
 439
 447
 450
 459
 460
 479
 490
 526
 527
 538
 544
 579
 595
 600
 606
 622
 625
 633
 637
 662
 670
 689
 712
 716
 724
 760
 796
 812
 822
 855
 887
 900
 902
 903
 925
 961
 976
 982
 992
 1029
 1055
 1069
 1078
 1085
 1089
 1098
 1151
 1165
 1187
 1267
 1278
 1288
 1299
 1315
 1331
 1343
 1386
 1394
 1395
 1430
 1445
 1449
 1494
 1503
 1505
 1508
 1519
 1522
 1524
 1528
 1548
 1560
 1578
 1585
 1596
 1613
 1643
 1663
 1725
 1726
 1732
 1736
 1766
 1803
 1830
 1835
 1836
 1870
 1872
 1875
 1905
 1921
 1951
 1966
 1979
 1988
 2010
 2012
 2040
 2124
 2197
 2201
 2213
 2215
 2226
 2242
 2248
 2262
 2273
 2318
 2326
 2336
 2356
 2427
 2436
 2453
 2468
 2473
 2476
 2501
 2513
 2514
 2548
 2614
 2633
 2662
 2682
 2721
 2729
 2737
 2789
 2796
 2820
 2831
 2850
 2858
 2864
 2867
 2872
 2897
 2905
 2962
 3007
 3031
 3040
 3075
 3102
 3173
 3186
 3188
 3200
 3230
 3280
 3281
 3289
 3313
 3326
 3330
 3355
 3390
 3395
 3411
 3443
 3467
 3478
 3516
 3542
 3589
 3681
 3738
 3758
 3786
 3787
 3822
 3828
 3830
 3835
 3903
 3922
 3923
 3945
 3967
 3970
 3974
 3990
 4001
