 16
 18
 20
 24
 32
 55
 57
 75
 83
 89
 97
 98
 100
 125
 139
 141
 165
 179
 181
 182
 192
 195
 196
 198
 201
 208
 216
 239
 251
 276
 279
 290
 291
 300
 313
 319
 323
 329
 330
 339
 340
 344
 347
 349
 360
 365
 377
 390
 397
 404
 414
 427
 431
 432
 440
 444
 449
 460
 464
 475
 476
 487
 492
 498
 513
 518
 545
 555
 563
 571
 574
 575
 577
 584
 594
 601
 606
 622
 626
 635
 640
 641
 657
 664
 681
 684
 694
 705
 744
 746
 753
 756
 760
 762
 773
 775
 782
 788
 797
 798
 800
 804
 812
 825
 850
 878
 883
 886
 902
 903
 909
 918
 923
 924
 933
 942
 946
 956
 958
 961
 963
 965
 972
 979
 980
 984
 989
 993
 1005
 1010
 1013
 1016
 1036
 1042
 1045
 1047
 1052
 1055
 1057
 1061
 1069
 1070
 1080
 1096
 1101
 1110
 1124
 1127
 1160
 1168
 1169
 1174
 1183
 1193
 1233
 1245
 1270
 1278
 1280
 1282
 1291
 1295
 1299
 1306
 1311
 1324
 1334
 1335
 1339
 1343
 1348
 1349
 1363
 1372
 1386
 1389
 1391
 1393
 1406
 1407
 1409
 1429
 1432
 1435
 1441
 1445
 1446
 1448
 1456
 1474
 1475
 1487
 1488
 1499
 1507
 1508
 1510
 1518
 1521
 1522
 1543
 1552
 1554
 1566
 1578
 1583
 1584
 1585
 1600
 1608
 1624
 1628
 1640
 1650
 1666
 1669
 1677
 1706
 1718
 1721
 1732
 1755
 1757
 1783
 1793
 1802
 1824
 1829
 1838
 1842
 1858
 1870
 1901
 1918
 1938
 1952
 1955
 1973
 1977
 1987
 1996
 2002
 2028
 2039
 2049
 2052
 2054
 2056
 2075
 2086
 2090
 2093
 2096
 2113
 2119
 2126
 2150
 2160
 2171
 2185
 2194
 2206
 2216
 2219
 2235
 2236
 2240
 2245
 2252
 2255
 2263
 2269
 2272
 2273
 2290
 2294
 2308
 2309
 2317
 2346
 2358
 2381
 2388
 2392
 2400
 2407
 2429
 2435
 2472
 2480
 2493
 2510
 2540
 2550
 2551
 2613
 2643
 2649
 2680
 2695
 2696
 2712
 2740
 2742
 2745
 2761
 2762
 2769
 2772
 2782
 2788
 2798
 2809
 2828
 2836
 2844
 2848
 2865
 2871
 2879
 2881
 2884
 2919
 2937
 2939
 2940
 2947
 2952
 2953
 2969
 2979
 3000
 3001
 3015
 3049
 3053
 3061
 3062
 3063
 3065
 3077
 3087
 3110
 3128
 3137
 3148
 3151
 3156
 3170
 3206
 3211
 3213
 3224
 3230
 3238
 3245
 3255
 3256
 3257
 3270
 3272
 3274
 3280
 3281
 3284
 3286
 3309
 3313
 3323
 3339
 3352
 3367
 3390
 3396
 3408
 3419
 3421
 3452
 3462
 3467
 3468
 3483
 3491
 3498
 3500
 3509
 3511
 3518
 3526
 3527
 3536
 3550
 3553
 3577
 3596
 3599
 3620
 3632
 3646
 3650
 3659
 3685
 3687
 3706
 3715
 3727
 3730
 3734
 3748
 3755
 3759
 3762
 3769
 3772
 3797
 3798
 3803
 3805
 3807
 3828
 3852
 3866
 3871
 3880
 3890
 3892
 3900
 3914
 3927
 3929
 3938
 3976
 3986
 3996
 4018
 4025
 4026
