 4
 10
 12
 14
 20
 22
 29
 38
 45
 49
 50
 51
 55
 56
 69
 72
 76
 85
 94
 95
 97
 98
 104
 106
 111
 113
 119
 121
 125
 126
 128
 130
 132
 133
 134
 138
 148
 155
 163
 165
 170
 172
 179
 183
 185
 189
 190
 198
 199
 201
 206
 212
 229
 234
 236
 237
 238
 244
 253
 254
 255
 259
 266
 270
 272
 281
 282
 295
 296
 306
 322
 329
 333
 340
 341
 344
 350
 354
 358
 362
 363
 367
 372
 373
 374
 375
 377
 384
 388
 393
 394
 396
 397
 398
 401
 410
 413
 414
 416
 428
 429
 433
 436
 437
 438
 444
 446
 448
 449
 455
 459
 463
 464
 465
 467
 470
 474
 479
 488
 489
 493
 495
 512
 513
 522
 527
 534
 541
 551
 557
 559
 565
 566
 572
 580
 585
 591
 592
 595
 596
 598
 600
 601
 613
 620
 626
 628
 629
 635
 636
 640
 641
 650
 652
 653
 655
 660
 668
 671
 679
 693
 694
 702
 707
 712
 715
 725
 731
 733
 734
 736
 740
 744
 748
 757
 763
 767
 773
 779
 780
 781
 783
 787
 794
 797
 804
 811
 812
 815
 823
 824
 828
 835
 837
 842
 843
 849
 854
 855
 859
 860
 861
 862
 874
 875
 892
 903
 905
 907
 909
 915
 919
 924
 926
 927
 932
 935
 939
 948
 949
 963
 965
 977
 980
 989
 994
 995
 996
 998
 1007
 1008
 1010
 1026
 1027
 1028
 1031
 1033
 1040
 1042
 1043
 1045
 1047
 1056
 1060
 1061
 1067
 1068
 1073
 1074
 1076
 1077
 1078
 1082
 1083
 1087
 1093
 1095
 1097
 1102
 1105
 1108
 1113
 1143
 1148
 1156
 1164
 1165
 1169
 1170
 1174
 1179
 1187
 1195
 1217
 1219
 1225
 1233
 1234
 1235
 1236
 1247
 1257
 1260
 1261
 1271
 1281
 1292
 1306
 1318
 1320
 1322
 1335
 1336
 1339
 1344
 1356
 1361
 1364
 1367
 1368
 1369
 1371
 1384
 1390
 1402
 1405
 1407
 1410
 1411
 1412
 1416
 1419
 1420
 1425
 1427
 1439
 1441
 1446
 1451
 1453
 1454
 1459
 1462
 1463
 1468
 1477
 1481
 1483
 1491
 1493
 1494
 1495
 1496
 1497
 1503
 1507
 1509
 1511
 1513
 1515
 1517
 1518
 1521
 1524
 1527
 1531
 1532
 1536
 1539
 1544
 1547
 1550
 1554
 1555
 1569
 1571
 1573
 1580
 1581
 1583
 1592
 1593
 1595
 1597
 1598
 1605
 1608
 1613
 1614
 1616
 1625
 1631
 1638
 1652
 1655
 1657
 1661
 1665
 1667
 1673
 1674
 1675
 1684
 1686
 1688
 1697
 1700
 1712
 1719
 1731
 1754
 1759
 1761
 1784
 1786
 1788
 1797
 1799
 1803
 1805
 1806
 1818
 1836
 1837
 1845
 1855
 1874
 1876
 1877
 1888
 1895
 1898
 1900
 1909
 1912
 1913
 1915
 1918
 1919
 1928
 1930
 1932
 1944
 1950
 1962
 1963
 1965
 1966
 1967
 1972
 1979
 1980
 1982
 1988
 1990
 2000
 2010
 2011
 2012
 2015
 2024
 2026
 2029
 2031
 2052
 2056
 2065
 2071
 2082
 2083
 2089
 2090
 2096
 2104
 2115
 2117
 2118
 2120
 2122
 2127
 2128
 2134
 2143
 2146
 2147
 2154
 2156
 2161
 2181
 2187
 2195
 2219
 2223
 2226
 2229
 2231
 2239
 2240
 2244
 2245
 2246
 2249
 2255
 2257
 2260
 2261
 2264
 2266
 2269
 2275
 2295
 2296
 2305
 2332
 2336
 2346
 2350
 2356
 2358
 2371
 2379
 2384
 2385
 2407
 2413
 2426
 2431
 2435
 2436
 2439
 2441
 2443
 2456
 2460
 2463
 2465
 2498
 2500
 2502
 2513
 2515
 2518
 2520
 2521
 2527
 2529
 2532
 2534
 2537
 2543
 2549
 2550
 2558
 2568
 2570
 2574
 2576
 2580
 2581
 2588
 2601
 2606
 2610
 2611
 2613
 2614
 2616
 2618
 2625
 2626
 2633
 2642
 2646
 2649
 2651
 2653
 2659
 2664
 2669
 2670
 2674
 2682
 2684
 2705
 2707
 2717
 2719
 2720
 2721
 2732
 2737
 2745
 2746
 2752
 2753
 2762
 2766
 2772
 2773
 2774
 2779
 2781
 2783
 2794
 2796
 2799
 2818
 2820
 2821
 2830
 2835
 2840
 2843
 2845
 2847
 2851
 2853
 2858
 2859
 2861
 2865
 2866
 2868
 2871
 2872
 2884
 2893
 2899
 2900
 2901
 2902
 2908
 2910
 2911
 2918
 2919
 2920
 2921
 2928
 2929
 2930
 2936
 2937
 2945
 2947
 2948
 2950
 2951
 2955
 2966
 2972
 2973
 2976
 2984
 2985
 2986
 2993
 2994
 2996
 2999
 3006
 3007
 3015
 3019
 3020
 3023
 3025
 3026
 3028
 3037
 3039
 3042
 3045
 3051
 3057
 3059
 3064
 3068
 3070
 3080
 3083
 3084
 3087
 3092
 3096
 3102
 3104
 3106
 3111
 3112
 3116
 3118
 3122
 3126
 3130
 3133
 3138
 3149
 3154
 3167
 3168
 3170
 3182
 3198
 3202
 3204
 3206
 3210
 3212
 3221
 3222
 3226
 3236
 3238
 3244
 3245
 3259
 3268
 3281
 3283
 3290
 3294
 3301
 3308
 3309
 3310
 3327
 3331
 3335
 3339
 3343
 3350
 3355
 3363
 3364
 3367
 3378
 3383
 3386
 3390
 3394
 3402
 3403
 3408
 3411
 3425
 3430
 3438
 3442
 3444
 3447
 3448
 3453
 3454
 3456
 3461
 3466
 3475
 3476
 3477
 3478
 3481
 3496
 3510
 3534
 3537
 3543
 3548
 3560
 3563
 3569
 3572
 3578
 3595
 3596
 3602
 3604
 3614
 3618
 3625
 3627
 3629
 3634
 3636
 3639
 3640
 3641
 3650
 3651
 3653
 3655
 3679
 3680
 3686
 3687
 3692
 3700
 3702
 3706
 3717
 3720
 3721
 3727
 3728
 3729
 3735
 3736
 3737
 3739
 3743
 3746
 3749
 3752
 3758
 3760
 3773
 3778
 3780
 3783
 3787
 3790
 3795
 3800
 3801
 3805
 3817
 3823
 3826
 3827
 3831
 3834
 3840
 3843
 3845
 3847
 3848
 3851
 3853
 3859
 3863
 3864
 3868
 3869
 3871
 3872
 3882
 3884
 3885
 3887
 3890
 3891
 3899
 3900
 3901
 3903
 3906
 3908
 3909
 3912
 3914
 3921
 3927
 3936
 3939
 3952
 3957
 3961
 3963
 3966
 3972
 3980
 3982
 3990
 4001
 4008
 4033
 4036
 4038
